12500000327
12500000157
12500000087
12500000272
21500000009
12500000235
21500000069
12500000047
12500000349
12500000430
21500000017
12500000367
12500000013
21500000131
12500000259
12500000068
12500000502
12500000420
12500000178
21500000090
12500000233
12500000344
12500000166
12500000399
21500000125
12500000354
12500000028
12500000030
12500000036
21500000043
21500000027
12500000241
12500000255
21500000112
12500000203
21500000041
12500000119
12500000095
21500000098
21500000006
12500000431
21500000039
12500000360
12500000370
12500000064
12500000044
12500000085
12500000283
21500000152
12500000107
12500000467
12500000120
12500000106
12500000076
12500000316
21500000054
12500000256
21500000033
12500000345
12500000177
21500000077
12500000282
12500000357
12500000140
12500000147
12500000267
12500000054
12500000196
12500000223
12500000277
12500000325
12500000239
12500000017
12500000477
12500000043
12500000008
21500000137
12500000224
21500000100
12500000149
12500000088
12500000266
21500000050
12500000155
12500000200
12500000252
21500000063
12500000032
12500000298
12500000006
12500000297
12500000315
12500000336
12500000476
12500000045
12500000257
12500000096
12500000245
21500000105
12500000368
12500000122
12500000069
21500000051
12500000384
12500000348
12500000057
12500000263
12500000146
12500000037
12500000478
12500000186
21500000073
12500000301
21500000057
12500000081
12500000247
12500000258
21500000032
12500000296
21500000095
12500000481
12500000299
12500000219
12500000253
12500000134
12500000230
12500000369
12500000409
12500000099
12500000163
12500000281
12500000007
12500000151
12500000302
12500000469
12500000113
12500000111
12500000009
12500000352
21500000084
12500000397
12500000351
21500000072
12500000202
12500000350
12500000403
21500000037
12500000121
21500000087
12500000291
12500000182
12500000123
12500000437
12500000102
12500000093
12500000133
12500000294
12500000395
12500000127
21500000108
12500000311
12500000216
12500000415
12500000092
12500000317
21500000102
21500000011
12500000285
21500000013
21500000068
12500000425
12500000339
12500000042
12500000051
12500000479
12500000373
12500000079
21500000023
12500000067
21500000044
21500000094
12500000192
12500000435
12500000416
12500000215
12500000251
12500000363
12500000053
12500000132
21500000092
12500000295
12500000019
12500000041
12500000333
12500000487
21500000042
12500000129
12500000270
12500000391
21500000083
12500000126
12500000162
12500000128
12500000165
12500000056
12500000405
12500000222
12500000260
21500000059
12500000105
12500000116
12500000150
12500000217
12500000101
12500000020
12500000191
12500000292
12500000321
12500000494
12500000347
12500000386
12500000383
12500000511
12500000164
12500000243
12500000011
12500000082
12500000490
12500000038
21500000022
12500000022
21500000149
12500000026
21500000070
12500000086
21500000106
12500000048
21500000109
12500000148
12500000205
12500000381
12500000362
12500000197
21500000138
12500000436
12500000016
12500000319
12500000145
12500000385
21500000040
12500000269
12500000152
12500000118
12500000104
12500000312
12500000497
12500000160
12500000173
12500000185
21500000010
12500000080
21500000034
12500000097
21500000061
12500000475
12500000404
21500000126
12500000190
12500000114
12500000181
12500000049
12500000158
21500000104
12500000137
12500000012
12500000135
12500000207
12500000193
12500000438
12500000180
12500000061
12500000139
12500000201
12500000355
12500000108
21500000080
21500000089
12500000424
12500000089
12500000414
21500000014
12500000372
12500000065
21500000062
21500000129
21500000018
12500000031
21500000140
21500000111
12500000110
12500000144
12500000055
21500000145
12500000090
21500000019
12500000024
12500000388
21500000113
12500000268
12500000084
12500000400
12500000029
12500000094
12500000465
12500000115
12500000337
12500000175
12500000407
12500000083
12500000280
12500000433
12500000394
12500000143
12500000112
12500000100
